Convergence study for beam element.Mesh: 20
21  1   1   1
1   1   1   1   1   1   1   0       0   0
2   1   0   1   1   1   0   0.5     0   0
3   1   0   1   1   1   0   1.0     0   0
4   1   0   1   1   1   0   1.5     0   0
5   1   0   1   1   1   0   2.0     0   0
6   1   0   1   1   1   0   2.5     0   0
7   1   0   1   1   1   0   3.0     0   0
8   1   0   1   1   1   0   3.5     0   0
9   1   0   1   1   1   0   4.0     0   0
10  1   0   1   1   1   0   4.5     0   0
11  1   0   1   1   1   0   5.0     0   0
12  1   0   1   1   1   0   5.5     0   0
13  1   0   1   1   1   0   6.0     0   0
14  1   0   1   1   1   0   6.5     0   0
15  1   0   1   1   1   0   7.0     0   0
16  1   0   1   1   1   0   7.5     0   0
17  1   0   1   1   1   0   8.0     0   0
18  1   0   1   1   1   0   8.5     0   0
19  1   0   1   1   1   0   9.0     0   0
20  1   0   1   1   1   0   9.5     0   0
21  1   0   1   1   1   0   10.0    0   0
1   23
1   2   -2.5
1   6   -0.20833333
2   2   -5
3   2   -5
4   2   -5
5   2   -5
6   2   -5
7   2   -5
8   2   -5
9   2   -5
10  2   -5
11  2   -5
12  2   -5
13  2   -5
14  2   -5
15  2   -5
16  2   -5
17  2   -5
18  2   -5
19  2   -5
20  2   -5
21  2   -2.5
21  6   0.20833333
5   20  1
1   1000   1   0.0833333333   0.0833333333   0   0.3 0  1   0
1   1   2   1
2   2   3   1
3   3   4   1
4   4   5   1
5   5   6   1
6   6   7   1
7   7   8   1
8   8   9   1
9   9   10  1
10  10  11  1
11  11  12  1
12  12  13  1
13  13  14  1
14  14  15  1
15  15  16  1
16  16  17  1
17  17  18  1
18  18  19  1
19  19  20  1
20  20  21  1




