Convergence study for beam element.Mesh: 5
6   1   1   1
1   1   1   1   1   1   1   0   0   0
2   1   0   1   1   1   0   2   0   0 
3   1   0   1   1   1   0   4   0   0
4   1   0   1   1   1   0   6   0   0 
5   1   0   1   1   1   0   8   0   0 
6   1   0   1   1   1   0   10   0   0   
1   8
1   2   -10
1   6   -3.33333333
2   2   -20
3   2   -20
4   2   -20
5   2   -20
6   2   -10
6   6   3.33333333
5   5   1
1   1000   1   0.0833333333   0.0833333333   0   0.3 0  1   0
1   1   2   1
2   2   3   1
3   3   4   1
4   4   5   1
5   5   6   1