Convergence study for beam element.Mesh: 10
11  1   1   1
1   1   1   1   1   1   1   0   0   0
2   1   0   1   1   1   0   1   0   0 
3   1   0   1   1   1   0   2   0   0
4   1   0   1   1   1   0   3   0   0 
5   1   0   1   1   1   0   4   0   0 
6   1   0   1   1   1   0   5   0   0
7   1   0   1   1   1   0   6   0   0
8   1   0   1   1   1   0   7   0   0 
9   1   0   1   1   1   0   8   0   0
10  1   0   1   1   1   0   9   0   0 
11  1   0   1   1   1   0   10  0   0 
1   13
1   2   -5
1   6   -0.83333333
2   2   -10
3   2   -10
4   2   -10
5   2   -10
6   2   -10
7   2   -10
8   2   -10
9   2   -10
10  2   -10
11  2   -5
11  6   0.83333333
5   10   1
1   1000   1   0.0833333333   0.0833333333   0   0.3 0  1   0
1   1   2   1
2   2   3   1
3   3   4   1
4   4   5   1
5   5   6   1
6   6   7   1
7   7   8   1
8   8   9   1
9   9   10  1
10  10  11  1