convergence test for shell element (plain stress, 64 element)
81  1   1   1
1   1   1   1   1   1   1   0   0   0
2   1   1   0   1   0   1   8   0   0
3   1   1   0   1   0   1   16   0   0
4   1   1   0   1   0   1   24   0   0
5   1   1   0   1   0   1   32   0   0
6   1   1   0   1   0   1   40   0   0
7   1   1   0   1   0   1   48   0   0
8   1   1   0   1   0   1   56   0   0
9   1   1   0   1   0   1   64   0   0
10   1   1   1   1   1   1   0   8   0
11   1   1   0   1   0   1   8   8   0
12   1   1   0   1   0   1   16   8   0
13   1   1   0   1   0   1   24   8   0
14   1   1   0   1   0   1   32   8   0
15   1   1   0   1   0   1   40   8   0
16   1   1   0   1   0   1   48   8   0
17   1   1   0   1   0   1   56   8   0
18   1   1   0   1   0   1   64   8   0
19   1   1   1   1   1   1   0   16   0
20   1   1   0   1   0   1   8   16   0
21   1   1   0   1   0   1   16   16   0
22   1   1   0   1   0   1   24   16   0
23   1   1   0   1   0   1   32   16   0
24   1   1   0   1   0   1   40   16   0
25   1   1   0   1   0   1   48   16   0
26   1   1   0   1   0   1   56   16   0
27   1   1   0   1   0   1   64   16   0
28   1   1   1   1   1   1   0   24   0
29   1   1   0   1   0   1   8   24   0
30   1   1   0   1   0   1   16   24   0
31   1   1   0   1   0   1   24   24   0
32   1   1   0   1   0   1   32   24   0
33   1   1   0   1   0   1   40   24   0
34   1   1   0   1   0   1   48   24   0
35   1   1   0   1   0   1   56   24   0
36   1   1   0   1   0   1   64   24   0
37   1   1   1   1   1   1   0   32   0
38   1   1   0   1   0   1   8   32   0
39   1   1   0   1   0   1   16   32   0
40   1   1   0   1   0   1   24   32   0
41   1   1   0   1   0   1   32   32   0
42   1   1   0   1   0   1   40   32   0
43   1   1   0   1   0   1   48   32   0
44   1   1   0   1   0   1   56   32   0
45   1   1   0   1   0   1   64   32   0
46   1   1   1   1   1   1   0   40   0
47   1   1   0   1   0   1   8   40   0
48   1   1   0   1   0   1   16   40   0
49   1   1   0   1   0   1   24   40   0
50   1   1   0   1   0   1   32   40   0
51   1   1   0   1   0   1   40   40   0
52   1   1   0   1   0   1   48   40   0
53   1   1   0   1   0   1   56   40   0
54   1   1   0   1   0   1   64   40   0
55   1   1   1   1   1   1   0   48   0
56   1   1   0   1   0   1   8   48   0
57   1   1   0   1   0   1   16   48   0
58   1   1   0   1   0   1   24   48   0
59   1   1   0   1   0   1   32   48   0
60   1   1   0   1   0   1   40   48   0
61   1   1   0   1   0   1   48   48   0
62   1   1   0   1   0   1   56   48   0
63   1   1   0   1   0   1   64   48   0
64   1   1   1   1   1   1   0   56   0
65   1   1   0   1   0   1   8   56   0
66   1   1   0   1   0   1   16   56   0
67   1   1   0   1   0   1   24   56   0
68   1   1   0   1   0   1   32   56   0
69   1   1   0   1   0   1   40   56   0
70   1   1   0   1   0   1   48   56   0
71   1   1   0   1   0   1   56   56   0
72   1   1   0   1   0   1   64   56   0
73   1   1   1   1   1   1   0   64   0
74   1   1   0   1   0   1   8   64   0
75   1   1   0   1   0   1   16   64   0
76   1   1   0   1   0   1   24   64   0
77   1   1   0   1   0   1   32   64   0
78   1   1   0   1   0   1   40   64   0
79   1   1   0   1   0   1   48   64   0
80   1   1   0   1   0   1   56   64   0
81   1   1   0   1   0   1   64   64   0
1   72
2   3   2
3   3   2
4   3   2
5   3   2
6   3   2
7   3   2
8   3   2
9   3   1
11  3   4
12  3   4
13  3   4
14  3   4
15  3   4
16  3   4
17  3   4
18  3   2
20  3   4
21  3   4
22  3   4
23  3   4
24  3   4
25  3   4
26  3   4
27  3   2
29  3   4
30  3   4
31  3   4
32  3   4
33  3   4
34  3   4
35  3   4
36  3   2
38  3   4
39  3   4
40  3   4
41  3   4
42  3   4
43  3   4
44  3   4
45  3   2
47  3   4
48  3   4
49  3   4
50  3   4
51  3   4
52  3   4
53  3   4
54  3   2
56  3   4
57  3   4
58  3   4
59  3   4
60  3   4
61  3   4
62  3   4
63  3   2
65  3   4
66  3   4
67  3   4
68  3   4
69  3   4
70  3   4
71  3   4
72  3   2
74  3   2
75  3   2
76  3   2
77  3   2
78  3   2
79  3   2
80  3   2
81  3   1
7   64  1
1   1000    0     0.1
1   1   2   11   10   1
2   2   3   12   11   1
3   3   4   13   12   1
4   4   5   14   13   1
5   5   6   15   14   1
6   6   7   16   15   1
7   7   8   17   16   1
8   8   9   18   17   1
9   10   11   20   19   1
10   11   12   21   20   1
11   12   13   22   21   1
12   13   14   23   22   1
13   14   15   24   23   1
14   15   16   25   24   1
15   16   17   26   25   1
16   17   18   27   26   1
17   19   20   29   28   1
18   20   21   30   29   1
19   21   22   31   30   1
20   22   23   32   31   1
21   23   24   33   32   1
22   24   25   34   33   1
23   25   26   35   34   1
24   26   27   36   35   1
25   28   29   38   37   1
26   29   30   39   38   1
27   30   31   40   39   1
28   31   32   41   40   1
29   32   33   42   41   1
30   33   34   43   42   1
31   34   35   44   43   1
32   35   36   45   44   1
33   37   38   47   46   1
34   38   39   48   47   1
35   39   40   49   48   1
36   40   41   50   49   1
37   41   42   51   50   1
38   42   43   52   51   1
39   43   44   53   52   1
40   44   45   54   53   1
41   46   47   56   55   1
42   47   48   57   56   1
43   48   49   58   57   1
44   49   50   59   58   1
45   50   51   60   59   1
46   51   52   61   60   1
47   52   53   62   61   1
48   53   54   63   62   1
49   55   56   65   64   1
50   56   57   66   65   1
51   57   58   67   66   1
52   58   59   68   67   1
53   59   60   69   68   1
54   60   61   70   69   1
55   61   62   71   70   1
56   62   63   72   71   1
57   64   65   74   73   1
58   65   66   75   74   1
59   66   67   76   75   1
60   67   68   77   76   1
61   68   69   78   77   1
62   69   70   79   78   1
63   70   71   80   79   1
64   71   72   81   80   1
