convergence test for shell element (plain stress, 1 element)
9   1   1   1  
1   1   1   1   1   1   1   0   0   0
2   1   1   0   1   0   1   32   0   0
3   1   1   0   1   0   1   64  0   0
4   1   1   1   1   1   1   0   32   0
5   1   1   0   1   0   1   32   32   0
6   1   1   0   1   0   1   64  32   0
7   1   1   1   1   1   1   0   64  0
8   1   1   0   1   0   1   32   64  0
9   1   1   0   1   0   1   64  64  0
1   6
2   3   32
3   3   16
5   3   64
6   3   32
8   3   32  
9   3   16
7   4   1
1   1000    0     0.1
1   1   2   5   4   1
2   2   3   6   5   1
3   4   5   8   7   1
4   5   6   9   8   1
