Convergence test
25  1   1   1  
1   1   1   1   0   0   0
2   0   0   1   16   0   0
3   0   0   1   32   0   0
4   0   0   1   48   0   0
5   0   0   1   64  0   0
6   1   1   1   0   16   0
7   0   0   1   16   16   0
8   0   0   1   32   16   0
9   0   0   1   48   16   0
10  0   0   1   64  16   0
11  1   1   1   0   32   0
12  0   0   1   16   32   0
13  0   0   1   32   32   0
14  0   0   1   48   32   0
15  0   0   1   64  32   0
16  1   1   1   0   48   0
17  0   0   1   16   48   0
18  0   0   1   32   48   0
19  0   0   1   48   48   0
20  0   0   1   64  48   0
21  1   1   1   0   64  0
22  0   0   1   16   64  0
23  0   0   1   32   64  0
24  0   0   1   48   64  0
25  0   0   1   64  64  0
1   20
2   1   8
3   1   8
4   1   8
5   1   4
7   1   16  
8   1   16
9   1   16
10  1   8  
12  1   16
13  1   16
14  1   16
15  1   8
17  1   16
18  1   16
19  1   16
20  1   8
22  1   8
23  1   8
24  1   8
25  1   4
2   16  1
1   1000    0
1   1   2   7   6   1
2   2   3   8   7   1
3   3   4   9   8   1
4   4   5   10  9   1
5   6   7   12  11  1
6   7   8   13  12  1
7   8   9   14  13  1
8   9   10  15  14  1
9   11  12  17  16  1
10  12  13  18  17  1
11  13  14  19  18  1
12  14  15  20  19  1
13  16  17  22  21  1
14  17  18  23  22  1
15  18  19  24  23  1
16  19  20  25  24  1